232.417 26.3559 0.0732037 2.95102 175.561 38.8664 0.0901277 -0.0708152 110.078 48.5394 0.190297 -0.128077 0.284457 0.489858 0.719681 0.748717 2.21699 0.00671875 43.7125 0.171802 1
230.088 26.6724 -0.16419 2.93398 170.929 39.2682 0.104869 -0.0393485 109.643 44.5633 0.10764 -0.0062816 0.151033 0.38529 0.487179 0.609855 2.24803 0.00620408 36.5486 0.156108 1
239.885 19.5654 -0.284278 3.61581 175.509 31.759 0.09462 -0.0762985 118.159 40.7805 0.132496 -0.183334 0.341974 0.483183 0.607595 0.773197 2.2262 0.00659667 44.4954 0.146915 1
227.539 28.666 -0.0100284 2.71621 159.007 36.2376 0.14265 -0.0617927 131.909 44.481 0.199647 -0.0999651 0.33154 0.611849 0.844137 0.703704 2.33786 0.00502478 40.6771 0.172329 1
232.941 26.8516 0.169701 3.12282 172.193 38.3851 0.0703305 -0.0474644 113.82 49.5389 0.22384 -0.113668 0.296342 0.434717 0.825829 0.722902 2.18771 0.00742382 50.4526 0.166244 1
232.744 27.11 -0.183431 3.07305 169.147 39.1639 0.0937945 -0.0609003 118.56 52.4543 0.165177 -0.169675 0.321667 0.52375 0.687423 0.736103 2.25751 0.00639757 41.2917 0.176761 1
225.993 27.2532 -0.482173 3.81522 158.655 36.79 0.11784 0.0217592 127.91 45.0944 0.00238478 0.140723 0.336058 0.501629 0.642887 0.793723 2.23607 0.00686279 28.2811 0.223032 1
228.729 24.2901 0.814402 3.97819 152.569 25.5818 0.02634 0.00145594 138.451 37.2191 0.478872 0.0738399 0.145263 0.369345 0.375862 0.6858 2.19311 0.00719035 37.5316 0.151368 1
230.068 28.585 0.0553328 3.43391 158.515 35.8818 0.124607 -0.0109442 132.267 45.561 0.262356 -0.0576246 0.16632 0.468464 0.457143 0.595205 2.29702 0.00585293 31.3786 0.236283 1
232.587 23.0929 -0.211017 3.50824 165.552 34.6159 0.0926125 0.00401354 120.826 43.4602 0.0650045 0.0392222 0.346936 0.565898 0.73823 0.739859 2.29215 0.00583425 29.1983 0.213719 1
228.401 31.3391 -0.12721 3.26031 153.301 36.9159 0.138512 -0.0441599 143.169 46.2946 0.273796 -0.0421332 0.36258 0.567851 0.691642 0.735557 2.34902 0.00491777 33.773 0.205325 1
226.206 30.6061 -0.116689 3.6875 151.885 37.7013 0.131593 0.00273874 140.361 46.3972 0.18148 0.13087 0.180975 0.522105 0.43038 0.60078 2.33089 0.00532407 28.0278 0.232864 1
220.333 29.9367 -0.10406 4.5472 144.665 30.3173 0.240425 0.226789 141.37 37.1501 0.211532 0.572289 0.272343 0.504032 0.605595 0.733307 2.32643 0.00537387 32.2659 0.205898 1
222.002 32.092 -0.162421 3.81558 138.165 30.4433 0.16613 -0.0314307 158.381 37.7269 0.365717 0.374309 0.298806 0.518514 0.853709 0.717179 2.33464 0.00521483 27.9163 0.219959 1
234.314 27.1357 -0.465119 3.48169 148.979 33.2288 0.124895 -0.0417525 158.209 46.0401 0.193137 -0.165441 0.123607 0.511828 0.418919 0.504941 2.32771 0.00523943 33.5629 0.194984 1
229.066 30.4693 -0.349668 3.09211 148.152 39.475 0.10558 -0.0199138 155.017 51.4425 0.132478 -0.0470828 0.406346 0.582249 0.555285 0.802983 2.31718 0.00560073 27.5309 0.218323 1
226.591 35.1756 -0.260995 3.17892 143.603 37.0466 0.149126 -0.0877349 160.648 47.8004 0.368106 -0.178774 0.109153 0.49549 0.414468 0.495787 2.3466 0.00499534 30.4095 0.195158 1
225.621 32.7383 -0.374143 3.15428 143.189 37.7444 0.151614 -0.0165204 162.13 47.9044 0.143665 0.0103868 0.10663 0.412646 0.349183 0.540373 2.32942 0.00513099 23.771 0.240258 1
231.567 28.3087 -0.266743 2.97489 151.896 37.4962 0.0956598 -0.0426921 150.829 50.9004 0.169107 -0.155705 0.0952793 0.495706 0.308759 0.506882 2.34791 0.00516252 28.6831 0.225626 1
226.337 32.9278 -0.247285 2.83393 146.23 40.1055 0.125242 -0.0400583 160.104 51.5517 0.181695 -0.0817249 0.100788 0.466279 0.434936 0.489782 2.32496 0.00542542 29.1698 0.231862 1
232.11 29.0755 -0.251184 2.34123 165.793 46.7021 0.0592912 -0.0321711 132.313 61.3924 0.100897 -0.0921111 0.150497 0.49177 0.397334 0.571685 2.34133 0.00508643 27.8958 0.232526 1
232.608 26.7891 -0.355129 3.03316 157.042 41.3483 0.0688975 -0.0194197 142.987 54.9239 0.0812661 -0.0445185 0.0964156 0.515693 0.357955 0.471243 2.32501 0.00540884 25.238 0.236315 1
235.279 24.2259 -0.228265 2.35446 163.442 42.8097 0.0307246 -0.0118855 138.76 61.6087 0.0655136 -0.0532474 0.169569 0.388323 0.592609 0.598132 2.27099 0.00632379 22.6738 0.233376 1
233.622 27.7545 -0.127379 2.74919 159.654 42.2181 0.0691873 -0.0430227 140.273 56.5033 0.145719 -0.126122 0.125975 0.376953 0.410479 0.557814 2.35924 0.00478557 36.5304 0.185718 1
231.036 30.9475 -0.156384 2.08504 165.411 48.1722 0.0499589 -0.0246725 132.329 66.3252 0.111474 -0.0896008 0.199738 0.445938 0.680005 0.626164 2.29859 0.00562151 25.8338 0.218374 1
221.071 25.9566 -0.4048 2.70111 164.387 25.2943 0.158611 -0.0133707 102.836 16.7991 0.0363155 -0.00040152 0.351302 0.415045 0.63085 0.873768 2.20972 0.00739645 32.7527 0.201305 0
219.223 21.3647 -0.0296671 2.56404 163.504 20.5748 0.151256 0.0502913 100.518 14.3511 0.00377272 0.0944589 0.27414 0.455592 0.43808 0.826769 1.98843 0.0112889 44.4 0.16964 0
203.207 20.0072 0.17998 2.59955 151.768 19.6985 -0.0327517 0.0892325 101.28 11.3742 0.00845121 0.0375723 0.576445 0.5857 0.548048 0.952189 1.65616 0.0225694 32.4583 0.187253 0
221.444 13.0819 0.0265004 3.55217 172.356 12.2695 -0.170838 -0.0585129 87.3111 9.1841 0.201767 -0.00268994 0.269364 0.434783 0.304348 0.924328 1.20412 0.0625 81.875 0.0662959 0
211.9 25.7552 0.283069 2.16111 157.04 26.69 0.108139 0.0914808 101.34 16.1278 -0.0459992 0.086278 0.366807 0.444336 1 0.854632 1.42566 0.0382653 42.5714 0.176043 0
206.263 23.7148 0.00223173 3.19698 153.293 22.5874 0.110803 0.291856 103.902 15.9406 0.0702758 0.163757 0.325275 0.450418 0.768739 0.799714 2.17211 0.007456 40.656 0.178117 0
208.62 29.7964 0.122054 2.36201 154.663 30.2741 0.131207 0.15598 105.021 23.3229 0.0645522 0.336227 0.223911 0.382197 0.55473 0.769241 2.30819 0.00550571 34.3763 0.191476 0
217.89 29.8785 -0.171577 2.37494 164.622 31.7869 0.114238 -0.00764231 99.3832 24.2156 0.163536 0.316959 0.209127 0.373149 0.427487 0.76211 2.23344 0.00669335 47.125 0.133517 0
222.519 25.9748 -0.2911 2.30124 168.371 27.3446 0.0966399 -0.152767 97.7809 21.5946 0.228676 0.0414111 0.285567 0.426923 0.31115 0.902814 1.98831 0.0117933 81.7742 0.0577198 0
211.931 17.823 0.108727 3.03128 158.364 17.3672 -0.00671199 0.173437 100.624 15.2343 0.159665 0.0673203 0.281258 0.43988 0.583219 0.768051 1.97689 0.0111863 60.0968 0.147723 0
212.876 25.6486 0.627304 3.64677 154.678 25.9113 -0.102786 0.122399 110.384 32.4641 0.396429 0.399099 0.324593 0.522284 0.593557 0.762452 2.02367 0.0104875 44.0119 0.207493 0
215.605 37.223 -0.391415 2.16486 159.132 41.3497 0.109761 -0.157876 147.184 37.0631 0.243624 0.10985 0.448559 0.6375 0.4 0.920246 1.12886 0.078125 99.375 0.0130664 0
232.417 26.3559 0.0732037 2.95102 175.561 38.8664 0.0901277 -0.0708152 110.078 48.5394 0.190297 -0.128077 0.284457 0.489858 0.719681 0.748717 2.21699 0.00671875 43.7125 0.171802 1
230.088 26.6724 -0.16419 2.93398 170.929 39.2682 0.104869 -0.0393485 109.643 44.5633 0.10764 -0.0062816 0.151033 0.38529 0.487179 0.609855 2.24803 0.00620408 36.5486 0.156108 1
226.32 29.0216 -0.154489 2.94004 165.581 34.624 0.17662 -0.036628 117.124 40.3032 0.179956 -0.00630894 0.437828 0.576696 0.713671 0.828431 2.22442 0.00677104 47.431 0.146909 1
239.885 19.5654 -0.284278 3.61581 175.509 31.759 0.09462 -0.0762985 118.159 40.7805 0.132496 -0.183334 0.341974 0.483183 0.607595 0.773197 2.2262 0.00659667 44.4954 0.146915 1
228.497 28.4783 -0.518288 4.27367 159.785 31.1506 0.327238 0.137203 127.697 35.2846 0.0110922 0.50247 0.273866 0.53708 0.763824 0.69203 2.30414 0.00557415 33.5702 0.195124 1
227.539 28.666 -0.0100284 2.71621 159.007 36.2376 0.14265 -0.0617927 131.909 44.481 0.199647 -0.0999651 0.33154 0.611849 0.844137 0.703704 2.33786 0.00502478 40.6771 0.172329 1
229.806 31.3994 -0.433276 3.26812 172.907 40.5237 0.199159 -0.109172 111.984 44.4718 0.141378 0.0196078 0.291463 0.529263 0.888571 0.701402 2.30998 0.00565222 32.4405 0.20983 1
226.705 30.3368 -0.188939 2.76958 167.826 42.1215 0.0929997 -0.0256405 118.593 52.6974 0.105707 -0.0365216 0.0814754 0.30524 0.513514 0.500517 2.21588 0.00705258 36.8186 0.15926 1
232.941 26.8516 0.169701 3.12282 172.193 38.3851 0.0703305 -0.0474644 113.82 49.5389 0.22384 -0.113668 0.296342 0.434717 0.825829 0.722902 2.18771 0.00742382 50.4526 0.166244 1
232.744 27.11 -0.183431 3.07305 169.147 39.1639 0.0937945 -0.0609003 118.56 52.4543 0.165177 -0.169675 0.321667 0.52375 0.687423 0.736103 2.25751 0.00639757 41.2917 0.176761 1
236.434 25.2928 -0.126923 3.10262 174.537 38.9221 0.0813425 -0.0539289 117.301 48.509 0.173895 -0.118524 0.305865 0.482246 0.639459 0.718454 2.22603 0.00686193 30.7915 0.202299 1
239.697 21.7433 -0.166704 2.87889 175.368 36.2045 0.062438 -0.0590169 118.383 48.0968 0.1542 -0.186942 0.356464 0.530986 0.5847 0.787009 2.2192 0.00702268 22.113 0.202553 1
220.998 30.769 0.148625 3.11737 148.806 35.8777 0.171944 0.0433701 139.665 41.2945 0.238551 0.138903 0.109942 0.371258 0.404867 0.585369 2.27506 0.00607882 39.2335 0.159412 1
228.026 20.7778 -0.403449 2.18044 147.821 16.8795 -0.000886188 0.107347 137.744 13.8133 0.263251 0.20289 0.496468 0.621212 0.409091 0.945324 0.30103 0.5 225 0.00442478 0
230.068 28.585 0.0553328 3.43391 158.515 35.8818 0.124607 -0.0109442 132.267 45.561 0.262356 -0.0576246 0.16632 0.468464 0.457143 0.595205 2.29702 0.00585293 31.3786 0.236283 1
232.587 23.0929 -0.211017 3.50824 165.552 34.6159 0.0926125 0.00401354 120.826 43.4602 0.0650045 0.0392222 0.346936 0.565898 0.73823 0.739859 2.29215 0.00583425 29.1983 0.213719 1
230.979 28.2867 -0.276008 3.13691 157.834 36.8422 0.142624 -0.111248 140.068 45.5845 0.206019 -0.248641 0.105983 0.402152 0.517451 0.501334 2.33229 0.00529828 28.6523 0.229017 1
227.619 31.173 -0.37011 3.8739 148.676 30.6022 0.225873 0.0286882 146.45 36.2652 0.366136 0.128294 0.132894 0.413707 0.558594 0.546717 2.32381 0.00532239 31.2561 0.226954 1
221.316 11.272 -0.13563 2.51739 177.158 11.2496 -0.0207584 0.15469 87.5789 13.7087 0.301631 -0.406132 0.808518 0.8 0.6 1 0.30103 0.5 64 0.0153846 0
231.064 27.8359 -0.159893 3.34652 146.893 30.7709 0.12504 -0.0235984 156.727 41.2826 0.290872 -0.0896402 0.257358 0.50791 0.777987 0.665392 2.31779 0.00549396 30.2151 0.206003 1
230.8 22.9273 -1.42725 4.48715 185.35 23.491 -0.0146507 0.142674 85.7 15.4373 0.318617 -0.15125 0.691563 0.632441 0.761905 0.968864 0.60206 0.25 137 0.0122124 0
227.022 29.8891 -0.0616171 3.28926 143.112 31.1113 0.159874 -0.0162533 156.904 37.9921 0.377563 0.0839734 0.0877408 0.427289 0.423228 0.474985 2.34529 0.00504771 35.3789 0.188203 1
222.002 32.092 -0.162421 3.81558 138.165 30.4433 0.16613 -0.0314307 158.381 37.7269 0.365717 0.374309 0.298806 0.518514 0.853709 0.717179 2.33464 0.00521483 27.9163 0.219959 1
229.066 30.4693 -0.349668 3.09211 148.152 39.475 0.10558 -0.0199138 155.017 51.4425 0.132478 -0.0470828 0.406346 0.582249 0.555285 0.802983 2.31718 0.00560073 27.5309 0.218323 1
226.591 35.1756 -0.260995 3.17892 143.603 37.0466 0.149126 -0.0877349 160.648 47.8004 0.368106 -0.178774 0.109153 0.49549 0.414468 0.495787 2.3466 0.00499534 30.4095 0.195158 1
225.621 32.7383 -0.374143 3.15428 143.189 37.7444 0.151614 -0.0165204 162.13 47.9044 0.143665 0.0103868 0.10663 0.412646 0.349183 0.540373 2.32942 0.00513099 23.771 0.240258 1
224.143 33.8655 -0.232707 3.52376 143.711 35.9875 0.192922 -0.0433195 154.437 46.3762 0.276582 -0.049671 0.191377 0.496907 0.442927 0.62186 2.36456 0.00471041 33.606 0.19966 1
234.468 27.5011 -0.381462 3.25174 153.885 38.725 0.0948339 -0.0628145 152.123 52.115 0.171603 -0.194702 0.271171 0.555904 0.567057 0.662461 2.34834 0.00498296 28.8792 0.215707 1
228.782 30.9118 -0.388655 2.89279 156.81 45.6933 0.0779585 -0.0230383 140.715 59.444 0.0818594 -0.0395343 0.246761 0.545023 0.504466 0.681612 2.33563 0.00549506 26.2003 0.243758 1
226.995 32.1925 -0.330256 2.95931 149.835 42.6795 0.113848 -0.0282368 150.787 54.4707 0.118657 -0.0499472 0.20826 0.467068 0.470879 0.66793 2.33458 0.00551097 26.1628 0.23305 1
223.403 32.5387 -0.142689 3.20837 146.66 39.4659 0.138521 0.011982 150.81 48.9669 0.139989 0.0949761 0.175677 0.512493 0.470736 0.568849 2.34727 0.00500648 30.0445 0.214038 1
232.66 29.7474 -0.113697 2.35032 166.445 46.2153 0.0533098 -0.032234 132.185 63.1988 0.128137 -0.105453 0.224438 0.533569 0.685241 0.616968 2.34774 0.00496454 26.9416 0.219703 1
233.553 27.1849 -0.257537 2.31289 164.135 45.9195 0.0449566 -0.024208 134.07 63.3744 0.0872611 -0.0880632 0.109155 0.379387 0.412601 0.486503 2.32539 0.00524945 29.3125 0.212019 1
233.232 28.2575 -0.104213 2.04934 172.305 48.5417 0.0509246 -0.0294631 118.189 63.5382 0.10061 -0.0860731 0.10627 0.38591 0.548587 0.513409 2.24859 0.00673469 21.8286 0.256655 1
232.495 27.0275 -0.191768 2.24027 170.38 49.2579 0.0418763 -0.0189799 119.403 63.9244 0.0640076 -0.0459482 0.124831 0.385234 0.653813 0.507656 2.23864 0.00677283 21.0548 0.243957 1
231.52 29.3092 -0.112481 2.20463 160.35 45.5535 0.0453246 -0.0174562 140.538 64.6065 0.101667 -0.0748601 0.111899 0.32434 0.495122 0.574091 2.25811 0.00644267 25.232 0.185034 1
232.949 28.8733 -0.236788 2.47816 160.37 44.6006 0.0604789 -0.0248313 141.049 61.3303 0.103429 -0.0820671 0.311801 0.505573 0.768732 0.733022 2.29246 0.00628409 32.7452 0.217806 1
225.218 34.0474 -0.363109 2.70069 150.627 46.7253 0.0873471 -0.0195975 149.43 59.3348 0.0829797 -0.00536646 0.180493 0.372347 0.554439 0.644663 2.16699 0.00811076 25.488 0.19776 1
224.521 32.1418 -0.205307 3.16049 144.174 35.8545 0.169878 0.00250972 157.955 45.0163 0.196239 0.0465633 0.156245 0.446974 0.563988 0.592661 2.32472 0.00530783 35.1674 0.202322 1
225.185 29.7498 -0.165779 3.86255 141.038 31.7331 0.182028 0.0587317 154.439 39.2606 0.243947 0.262795 0.353454 0.488216 0.68685 0.806137 2.15873 0.00784444 35.22 0.196626 1
214.772 33.1876 -0.082557 2.5266 137.089 34.0205 0.148452 0.136361 148.418 40.6472 0.0614247 0.23849 0.397238 0.482085 0.72651 0.868168 1.73801 0.0188889 51.7 0.154723 1
206.963 32.2159 -0.242429 2.51773 114.817 27.4542 0.0267226 0.0243459 185.756 37.2992 -0.0579631 0.217594 0.219529 0.37727 0.346154 0.8369 1.72152 0.0200195 59.625 0.150923 1
207.533 28.4385 0.18305 2.08328 126.083 28.3257 -0.0226013 0.00210906 165.117 41.7225 0.0489698 -0.0181407 0.332061 0.461743 0.358249 0.927734 1.59458 0.0260771 52.8095 0.0832946 1
212.77 35.4144 0.104977 2.07506 130.397 36.2472 0.069722 0.00828229 169.079 47.924 0.168177 0.00233399 0.137315 0.33924 0.268966 0.760363 1.93787 0.0127811 43.8 0.125506 1
209.957 35.9054 0.0329904 2.20329 136.229 41.4223 0.0928373 0.0550371 149.829 46.0303 0.0632463 0.113099 0.311415 0.445361 0.416146 0.844268 1.91649 0.0132283 61.4483 0.0808109 1
237.133 23.7784 0.585574 2.60297 183.476 49.9171 0.0126407 -0.00757586 101.762 70.3631 0.0777011 -0.0247873 0.583226 0.614926 0.717676 0.948896 1.82042 0.0157049 69.5405 0.0573923 1
220.8 32.9472 -0.0841849 2.70934 149.35 38.397 0.147658 -0.0129172 138.05 43.2764 0.226252 0.0848911 0.220924 0.443205 0.550976 0.748088 1.80368 0.0166568 47.0244 0.103598 1
217.056 29.013 -0.41445 2.39728 162.688 27.1972 0.0465762 0.0356529 102.395 18.8572 0.118598 0.0165036 0.458114 0.568664 0.719809 0.87078 2.20488 0.00698184 28.371 0.220032 0
221.071 25.9566 -0.4048 2.70111 164.387 25.2943 0.158611 -0.0133707 102.836 16.7991 0.0363155 -0.00040152 0.351302 0.415045 0.63085 0.873768 2.20972 0.00739645 32.7527 0.201305 0
219.223 21.3647 -0.0296671 2.56404 163.504 20.5748 0.151256 0.0502913 100.518 14.3511 0.00377272 0.0944589 0.27414 0.455592 0.43808 0.826769 1.98843 0.0112889 44.4 0.16964 0
203.207 20.0072 0.17998 2.59955 151.768 19.6985 -0.0327517 0.0892325 101.28 11.3742 0.00845121 0.0375723 0.576445 0.5857 0.548048 0.952189 1.65616 0.0225694 32.4583 0.187253 0
221.444 13.0819 0.0265004 3.55217 172.356 12.2695 -0.170838 -0.0585129 87.3111 9.1841 0.201767 -0.00268994 0.269364 0.434783 0.304348 0.924328 1.20412 0.0625 81.875 0.0662959 0
211.9 25.7552 0.283069 2.16111 157.04 26.69 0.108139 0.0914808 101.34 16.1278 -0.0459992 0.086278 0.366807 0.444336 1 0.854632 1.42566 0.0382653 42.5714 0.176043 0
205.625 9.44904 0.665987 4.06596 150 9.43133 0.159313 0.560264 106.325 8.95094 -0.445255 -0.0390145 0.359613 0.562687 0.298507 0.935288 1.38265 0.0433673 28.2143 0.201588 0
206.263 23.7148 0.00223173 3.19698 153.293 22.5874 0.110803 0.291856 103.902 15.9406 0.0702758 0.163757 0.325275 0.450418 0.768739 0.799714 2.17211 0.007456 40.656 0.178117 0
208.62 29.7964 0.122054 2.36201 154.663 30.2741 0.131207 0.15598 105.021 23.3229 0.0645522 0.336227 0.223911 0.382197 0.55473 0.769241 2.30819 0.00550571 34.3763 0.191476 0
188 11.0136 -0.106358 1.34697 125.65 12.551 0.00285515 -0.00134663 142.7 29.3362 0.069912 -0.075212 0.774353 0.833333 0.6 0.987492 0.60206 0.25 125 0.0214432 0
217.89 29.8785 -0.171577 2.37494 164.622 31.7869 0.114238 -0.00764231 99.3832 24.2156 0.163536 0.316959 0.209127 0.373149 0.427487 0.76211 2.23344 0.00669335 47.125 0.133517 0
222.519 25.9748 -0.2911 2.30124 168.371 27.3446 0.0966399 -0.152767 97.7809 21.5946 0.228676 0.0414111 0.285567 0.426923 0.31115 0.902814 1.98831 0.0117933 81.7742 0.0577198 0
211.931 17.823 0.108727 3.03128 158.364 17.3672 -0.00671199 0.173437 100.624 15.2343 0.159665 0.0673203 0.281258 0.43988 0.583219 0.768051 1.97689 0.0111863 60.0968 0.147723 0
212.876 25.6486 0.627304 3.64677 154.678 25.9113 -0.102786 0.122399 110.384 32.4641 0.396429 0.399099 0.324593 0.522284 0.593557 0.762452 2.02367 0.0104875 44.0119 0.207493 0
201.079 23.4503 0.71533 3.18292 148 24.443 0.0565841 0.201433 103.175 16.1457 -0.12882 -0.0248261 0.271101 0.397922 0.314685 0.931475 1 0.1 18.2 0.234842 0
