215.581 37.0337 -0.288599 2.32427 156.082 39.4886 0.216243 -0.107076 189.425 32.7589 0.182023 0.027165 0.125297 0.425578 0.326034 0.599975 2.35168 0.00496257 28.0735 0.236052 1
211.914 39.042 -0.23571 2.22025 157.639 42.5966 0.181637 -0.143611 182.23 39.7481 0.167744 -0.0161956 0.0612746 0.343515 0.393312 0.441823 2.37446 0.00454387 36.1088 0.221084 1
183.416 48.8651 -0.0399394 1.99863 160.247 49.0706 -0.00118495 0.0118966 110.896 37.4889 0.27764 0.288754 0.188079 0.466254 0.183521 0.892746 1.30495 0.0520833 38.75 0.226005 0
212.992 39.7141 -0.30198 2.29579 157.972 42.7337 0.21105 -0.116249 184.69 39.8078 0.125634 0.0633393 0.101678 0.344067 0.468568 0.539284 2.3688 0.00464258 33.6871 0.221002 1
190.724 35.535 -0.0293072 2.27956 167.362 35.8951 0.000870275 0.0333109 100.667 21.6085 0.0858942 0.0521077 0.103885 0.316258 0.212209 0.768092 1.6878 0.021262 55.3704 0.116958 0
207.697 40.2091 -0.260999 2.34801 153.101 41.7304 0.169576 -0.0407989 183.352 41.4298 0.0702713 0.103739 0.0793478 0.319851 0.382106 0.481474 2.36465 0.00474297 36.3041 0.217209 1
206.556 41.5829 -0.344664 1.68951 188.319 43.0767 0.0385336 -0.0318234 85.2639 21.9779 0.0607855 0.0149178 0.248293 0.466667 0.238095 0.926109 1.18062 0.07 89.4 0.0730839 0
215.465 37.0203 -0.351209 2.51288 155.911 38.8798 0.256249 -0.0936071 189.292 30.5406 0.162312 0.0547502 0.146702 0.404616 0.456026 0.601482 2.35496 0.00493245 32.1585 0.214418 1
209.25 36.6503 -0.148644 1.61319 191.806 38.2719 0.0349277 0.0137374 82.8611 18.6401 0.0343339 0.0177 0.211087 0.410468 0.264463 0.868934 0.978838 0.111111 47.3333 0.163558 0
211.84 35.98 -0.232945 2.48245 150.647 37.2232 0.178249 0.00883049 190.567 35.8931 0.118597 0.0689542 0.0881107 0.373622 0.327016 0.500922 2.37798 0.00448285 36.8909 0.196741 1
204.812 27.106 -0.341283 2.12767 171.271 27.2104 -0.0135567 0.00963025 112.417 16.4606 0.124661 0.0375708 0.328218 0.602362 0.275591 0.909645 1.41497 0.0384615 11.0769 0.178253 0
209.001 39.8747 -0.200782 2.3718 151.622 40.9733 0.174421 -0.023815 184.395 39.3704 0.167438 0.0935705 0.111123 0.35775 0.52105 0.563488 2.36608 0.00465014 37.898 0.205129 1
211.083 37.2288 -0.179746 2.32384 154.725 39.8827 0.172913 -0.0813317 187.252 36.6085 0.0977028 0.146904 0.204788 0.436367 0.502122 0.692441 2.3751 0.0044726 37.4707 0.192781 1
214.569 35.1835 -0.225211 2.4584 162.26 38.0607 0.143305 -0.0326433 171.47 42.6879 0.0907048 0.0371233 0.174737 0.364242 0.439056 0.661124 2.33598 0.00529802 26.4613 0.236027 1
217.532 36.5962 -0.271067 2.27554 164.743 41.2084 0.21369 -0.203727 181.092 37.7944 0.164828 0.0170896 0.190742 0.415876 0.508327 0.670286 2.3667 0.00472126 35.0729 0.211285 1
217.075 35.6848 -0.210334 2.3803 162.334 39.5677 0.296829 -0.250823 180.917 34.4117 0.160478 -0.0305134 0.144912 0.416699 0.310362 0.672415 2.3735 0.00457141 34.5988 0.204241 1
219.358 35.5744 -0.264061 2.34414 164.881 40.0111 0.260722 -0.21463 181.358 34.1442 0.22158 -0.0375225 0.138259 0.395861 0.344146 0.677976 2.35731 0.00492984 33.9729 0.211542 1
217.244 36.1018 -0.294189 2.45256 158.072 38.6608 0.288078 -0.194395 189.648 34.057 0.110931 0.00993948 0.158716 0.41424 0.317666 0.695595 2.33879 0.00542088 27.8535 0.248631 1
217.6 37.7405 -0.385402 2.41464 161.24 39.4483 0.231888 -0.186061 186.086 38.9699 0.177397 -0.11679 0.216966 0.443463 0.597453 0.698895 2.36363 0.00471967 32.377 0.229891 1
212.402 38.9482 -0.334898 2.52449 151.418 40.9915 0.261449 -0.313779 191.902 36.6866 0.117264 -0.0629605 0.126307 0.304509 0.397838 0.647389 2.35917 0.00476197 32.2418 0.207863 1
214.306 36.8863 -0.21462 2.22322 155.092 40.4913 0.212913 -0.0688399 188.708 34.6537 0.127298 0.0663584 0.167102 0.349453 0.451652 0.690162 2.35318 0.00492211 31.9934 0.214498 1
212.425 36.891 -0.192281 2.2456 154.187 39.0025 0.184252 -0.0248328 187.063 35.938 0.119649 0.0656691 0.182524 0.391301 0.352932 0.746188 2.35897 0.00476442 35.7216 0.194714 1
195.468 35.0154 -0.144199 2.72705 152.872 33.2838 -0.0176924 0.048078 173.213 31.9534 0.441921 0.318765 0.509067 0.561983 1 0.870936 1.44716 0.0357143 65.4286 0.065822 1
209.872 39.9931 -0.0695695 1.63955 171.513 46.5777 0.034944 0.0136083 138.744 35.6081 0.154104 0.141829 0.310687 0.487988 0.411111 0.825358 1.44716 0.0357143 75.2857 0.108654 1
215.023 39.1167 -0.276957 2.09084 165.321 46.0069 0.199251 -0.223986 182.549 36.7358 0.148673 0.0104815 0.199619 0.387195 0.407412 0.738815 2.36013 0.00482994 33.122 0.210644 1
213.265 36.2169 -0.210086 2.26025 154.103 39.7125 0.255788 -0.1776 190.818 32.4844 0.119579 0.045799 0.154059 0.393386 0.374483 0.605254 2.35266 0.00498073 32.086 0.226315 1
191.535 38.032 -1.20246 4.38837 164.884 37.4291 0.0341009 -0.0705661 109.349 27.5393 0.593549 0.164234 0.339606 0.583508 0.242857 0.958322 0.60206 0.25 65 0.0160976 0
