222.358 19.7769 -0.0469194 2.22559 203.769 17.6278 -0.0214578 0.305047 43.634 12.0841 0.0535901 0.177191 0.204736 0.418293 0.387 0.71512 2.25944 0.00673278 24.6588 0.244382 1
223.993 23.9725 -0.904108 4.30589 199.411 25.7494 -0.0522108 0.213119 57.0422 18.8062 0.265092 -0.0148913 0.28476 0.546255 0.353956 0.78261 2.3502 0.00499998 34.9202 0.197736 1
229.063 23.9373 -1.35469 5.79586 204.043 25.1457 0.0394879 0.143746 56.7829 15.6358 0.212932 -0.121938 0.197712 0.454276 0.386888 0.682528 2.34867 0.00503874 27.6701 0.241307 1
231.79 20.6261 -1.49043 7.95464 209.674 18.8689 -0.0920646 1.46082 47.9354 11.0969 0.151121 -0.042608 0.122681 0.478635 0.348582 0.551847 2.3233 0.00561452 27.1765 0.231632 1
220.938 23.031 -1.25692 6.00979 200.416 23.7021 -0.136046 0.762925 46.3051 14.6372 0.23153 0.0893953 0.142374 0.442133 0.24852 0.644915 2.30602 0.00555254 31.2399 0.225169 1
222.97 21.6903 -0.91096 4.86197 201.96 22.2137 -0.0477095 0.423476 47.1612 13.5546 0.182008 0.00644781 0.15419 0.402294 0.502729 0.625205 2.34605 0.0050066 36.8477 0.231264 1
225.517 20.7964 -0.561113 3.50706 204.5 20.0629 0.114873 0.106026 48.3604 13.6189 0.0279708 -0.0284457 0.216863 0.543869 0.355499 0.679643 2.35817 0.00485827 35.0165 0.199643 1
221.887 16.9375 -0.387607 2.93282 203.793 15.3526 0.0389375 0.0755551 40.2167 9.10217 0.0151409 -0.0183962 0.226265 0.486687 0.226064 0.886477 1.96977 0.0125448 46.6882 0.118725 1
209.736 19.611 0.772813 2.93919 197.329 16.5643 0.0713202 0.40958 29.974 14.0219 -0.117519 -0.0834568 0.127487 0.438213 0.412779 0.564713 2.27587 0.00634098 33.737 0.233014 1
219.085 17.2931 0.169957 2.17946 201.482 13.5686 0.0563787 0.134011 39.9124 12.1346 -0.158055 0.153831 0.14972 0.372521 0.494649 0.611333 2.34496 0.00497554 39.5906 0.188088 1
214.399 18.2833 0.161675 2.5673 197.375 14.5311 -0.0426767 0.270548 40.656 13.4588 -0.193069 0.116221 0.189406 0.478339 0.569983 0.627654 2.32496 0.00523277 38.6093 0.175968 1
233.306 17.5499 -0.607392 3.10148 217.2 20.0381 0.164226 -0.107879 42.2118 11.0667 0.109131 0.00682308 0.386769 0.473152 0.525635 0.880829 1.56947 0.0296 53.88 0.171844 1
207.494 21.0499 0.585211 3.10089 189.689 20.0842 0.0307504 0.213224 50.5618 9.16328 -0.0361551 0.0444886 0.345384 0.455982 0.496821 0.846152 2.35065 0.00493972 29.9042 0.216883 1
221.611 19.2671 -0.179913 2.21448 204.209 17.6846 0.0773167 0.0157276 41.7607 7.68743 -0.0136652 0.0365758 0.218584 0.385971 0.66163 0.696802 2.1209 0.00850097 37.7982 0.19687 1
217.327 21.8531 0.119952 2.10251 198.131 20.4607 0.105435 0.118425 49.3567 11.9433 -0.0247471 0.0582321 0.28073 0.550674 0.660776 0.677983 2.37393 0.00450081 40.2071 0.174105 1
213.229 21.0804 0.446246 2.26457 196.725 18.9814 0.0683547 0.224978 43.6432 10.7989 0.0144167 0.0625758 0.245912 0.471241 0.697426 0.670941 2.36786 0.00463703 29.3205 0.22425 1
206.422 27.015 0.140909 2.31026 185.057 26.9887 0.0694391 0.12914 60.2692 13.9105 -0.000686008 0.0352958 0.190502 0.51788 0.8707 0.58243 2.39452 0.00417569 36.83 0.19487 1
216.313 30.7628 -0.47869 2.72952 197.386 33.3978 0.107948 -0.142514 52.4609 21.0218 0.0789549 -0.0145095 0.225354 0.404374 0.386433 0.757355 2.34116 0.00520153 23.5823 0.239387 1
215.291 29.2801 -0.317659 2.24031 196.098 27.7968 0.142853 -0.00986395 51.4585 15.1078 0.0252103 0.0753514 0.140241 0.434284 0.548257 0.54536 2.3567 0.00480213 26.2808 0.236627 1
219.256 29.4924 -0.54297 2.80644 198.893 31.0207 0.101106 -0.0111198 56.7541 19.5169 0.0793051 0.0378552 0.190717 0.456385 0.40682 0.674543 2.37861 0.00453863 32.0939 0.222647 1
213.271 30.0332 -0.502979 2.93783 192.363 30.0559 0.0313456 0.13876 57.9924 16.722 0.0885706 0.0744915 0.152545 0.40094 0.480262 0.588813 2.37372 0.00454638 33.1803 0.211374 1
208.411 31.2969 -0.220765 2.18238 187.599 30.4546 0.0659948 0.0315157 58.6187 15.0724 -0.000825859 0.0191044 0.181187 0.438235 0.570703 0.617664 2.37964 0.00439055 32.411 0.204887 1
215.062 26.9945 -0.239667 2.45721 194.784 27.6261 0.0291235 0.175043 55.2369 16.8151 0.127693 0.221195 0.301011 0.549054 0.593939 0.704235 2.36657 0.00472538 29.2857 0.228294 1
216.134 28.2604 -0.424737 2.84686 196.159 28.5991 0.04881 0.144104 56.1807 14.8943 0.0521873 0.0895525 0.117135 0.403383 0.489665 0.525655 2.3624 0.00478416 27.6122 0.238017 1
212.784 27.3226 -0.208492 2.77152 191.96 26.9 0.0290161 0.287816 57.8596 14.3219 0.0456884 0.0973195 0.277871 0.617925 0.843003 0.639231 2.37036 0.00462906 28.6231 0.228979 1
209.196 31.195 -0.365736 2.62264 187.708 30.5958 0.0362628 0.0903563 60.7111 13.2712 0.011655 0.0338929 0.193529 0.443319 0.484293 0.652642 2.33577 0.00525462 23.1809 0.260277 1
211.239 32.4815 -0.480622 2.43084 187.134 32.171 0.0606013 0.0287532 65.7732 16.7057 0.0436272 0.0443049 0.101252 0.317651 0.348414 0.605095 2.36055 0.00472214 27.9108 0.218699 1
211.92 30.6268 -0.341561 2.43167 189.201 31.4246 0.0686945 0.053569 62.9587 18.9626 0.0515728 0.0925876 0.234288 0.569002 0.463054 0.672949 2.36063 0.00479921 28.0291 0.225448 1
212.166 32.4194 -0.486905 2.56842 188.577 33.4513 0.0856867 -0.0155191 63.5886 18.7889 0.0602512 0.0674485 0.195859 0.50383 0.537302 0.603749 2.33535 0.00509751 22.672 0.244997 1
221.559 19.8063 -0.127411 2.54654 204.152 17.9871 0.0942931 0.190036 42.5413 9.935 0.0161271 0.00835829 0.198816 0.477159 0.373582 0.660392 2.37041 0.00459995 40.4209 0.175928 1
215.057 29.7847 -0.628162 3.30151 195.606 31.2061 -0.0432877 0.298867 51.368 20.5865 0.197949 0.205333 0.214836 0.417768 0.419567 0.713619 2.35334 0.00487853 37.8154 0.181892 1
207.789 26.477 -0.113868 3.65047 188.889 26.3085 0.0152325 0.367267 52.8595 16.0873 0.0683739 0.239524 0.140947 0.402503 0.36912 0.612221 2.36845 0.0046718 31.983 0.210817 1
218.66 24.8925 -0.0727639 2.05339 198.645 24.6918 0.132051 0.114126 53.7351 14.1784 -0.0470565 0.107519 0.178852 0.449389 0.930023 0.5765 2.36596 0.00472713 33.8948 0.233996 1
202.875 22.7448 0.697157 2.64916 186.612 20.1269 0.0973161 0.249964 47.6062 11.6027 -0.0631009 0.0162969 0.216898 0.520089 0.507583 0.632208 2.35058 0.00499666 25.5419 0.248183 1
223.589 22.3901 -0.128389 2.00839 204.221 20.3771 0.177445 0.159166 49.0855 12.7975 -0.0104538 0.0834125 0.199 0.490228 0.587687 0.603636 2.36377 0.00484679 30.7211 0.227362 1
215.022 20.814 0.297377 2.38277 198.572 18.8804 0.0625965 0.236587 43.7707 10.8165 -0.0201092 0.05637 0.100004 0.457828 0.576498 0.500713 2.38419 0.00433729 36.5296 0.195261 1
225.047 20.7555 -0.220149 2.97389 209.176 21.197 0.140866 0.173234 40.5163 9.99022 0.0434498 0.0602627 0.195551 0.388273 0.556969 0.695759 2.32347 0.00596583 28.652 0.258681 1
223.951 20.315 -0.250915 3.19217 205.194 18.7333 0.067778 0.634551 45.9939 11.4951 0.0860865 0.136186 0.274211 0.553626 0.504339 0.715203 2.36089 0.00475452 27.2025 0.234464 1
213.77 22.7765 -0.515599 5.70108 197.509 21.3258 -0.131954 0.96392 41.7965 13.8693 0.169719 0.0124721 0.108767 0.396362 0.581804 0.501896 2.32484 0.0053384 33.3115 0.223361 1
222.892 24.0852 -0.860348 4.46198 201.049 27.2466 -0.075511 0.230256 52.0135 20.3742 0.383281 0.168137 0.396359 0.470706 0.500262 0.914073 2.13249 0.00836691 31.9339 0.218543 1
223.972 16.8971 0.263093 2.16734 203.814 14.6657 0.145757 0.198594 45.2242 9.97087 -0.0422394 0.0501618 0.450922 0.641924 0.596877 0.826213 2.28397 0.005841 45.7057 0.161697 1
219.015 13.6805 0.302394 3.2406 201.476 12.2967 0.0269992 -0.14566 39.7179 7.34081 -0.113894 0.0214785 0.520779 0.585784 0.708333 0.861377 2.17415 0.00766601 36.6256 0.165999 1
218.201 22.3319 -0.298263 2.41635 201.036 20.8989 -0.00117505 0.132051 43.1647 8.19105 0.000578173 0.00654885 0.228715 0.434967 0.392763 0.752938 2.05449 0.0100831 48.4632 0.134917 1
211.818 24.1806 -1.21003 6.0537 190.424 24.0166 -0.100408 0.275805 51.63 13.1043 0.104067 -0.0551134 0.217788 0.464737 0.340974 0.748291 2.23055 0.00674396 39.0596 0.155807 1
226.64 29.7157 -1.85919 7.27559 204.305 28.9238 0.0335492 0.145749 50.5308 14.5299 0.114832 -0.10065 0.251962 0.492795 0.425079 0.724712 2.09766 0.00915685 52.7119 0.161386 1
219.296 34.7539 -1.31617 4.61009 200.074 35.6515 0.0520921 -0.0430739 49.25 15.8351 0.115547 0.0173988 0.292149 0.491837 0.481081 0.760267 2.17933 0.00736328 44.5562 0.168157 1
225.177 24.2844 -0.967749 4.63522 203.691 25.1938 0.0677855 0.0920584 53.9651 16.6203 0.211576 -0.0785302 0.327298 0.564009 0.380242 0.811122 2.33548 0.00506908 41.6119 0.161269 1
228.129 20.8799 -0.438513 3.09768 206.411 21.851 0.092606 -0.0659038 51.3043 17.0761 0.194471 -0.0034824 0.177873 0.438498 0.249263 0.776527 2.30695 0.00557435 39.7839 0.206218 1
219.885 21.3495 0.198608 2.24951 198.827 20.7896 0.104721 0.376402 52.826 13.0268 -0.0496157 0.0898796 0.304666 0.558495 0.295238 0.845985 2.26524 0.00715486 21.8119 0.308453 1
223.96 22.3046 -0.696469 4.23335 201.14 20.0941 0.0280249 0.380875 53.5009 14.0774 0.0771421 -0.104053 0.183286 0.514042 0.239907 0.731496 2.34183 0.00524518 31.4754 0.221992 1
216.896 29.0594 -1.08074 4.74369 196.807 30.8506 -0.0390567 0.121694 51.3196 17.6388 0.195972 -0.00485481 0.142375 0.300994 0.356612 0.674157 2.31381 0.00550305 45.0696 0.181822 1
219.771 26.5186 -0.876737 3.85411 196.676 28.8672 -0.015079 -0.140369 55.498 19.8803 0.277439 -0.0662111 0.338261 0.534521 0.294329 0.912874 2.26218 0.00624593 42.7769 0.173279 1
224.987 19.7799 -0.366481 3.22257 205.149 19.9958 0.00625083 0.202897 48.6552 10.9172 0.0645108 0.0556516 0.311345 0.511368 0.540877 0.771034 2.29957 0.00563573 39.3236 0.192715 1
231.392 19.7846 -1.0279 3.89176 210.476 19.0226 0.138135 -0.026164 47.8728 9.26671 0.0796793 -0.0384656 0.261364 0.441064 0.294091 0.881243 2.23339 0.00688976 36.5827 0.197452 1
230.385 16.1 -0.159728 2.49837 207.225 15.49 0.141131 0.181619 52.6702 8.89232 0.00764722 0.0346104 0.1111 0.32095 0.244731 0.687272 2.24634 0.00653983 43.6284 0.174872 1
217.527 19.4476 -0.177894 2.65847 197.762 16.8926 -0.0309957 0.244249 48.6854 11.2291 0.0189045 -0.0292838 0.0718487 0.302624 0.408606 0.51252 2.33295 0.00538748 33.586 0.226512 1
219.109 18.7933 0.00555394 2.8216 202.056 16.7422 -0.0807905 0.536077 41.1737 12.2581 0.0841208 0.276735 0.0958996 0.361501 0.654291 0.472245 2.34239 0.00511473 31.1834 0.228339 1
211.019 20.7243 0.585214 2.43385 195.597 17.3344 0.0396482 0.257226 42.2791 11.5916 -0.0638236 -0.00455042 0.179215 0.427207 0.770162 0.593994 2.33402 0.00534797 31.3015 0.232901 1
214.565 19.4539 0.406149 2.4556 198.082 17.9155 0.0943865 0.16402 44.57 8.69352 -0.0246443 0.0316348 0.187682 0.445086 0.496671 0.659805 2.36375 0.00469616 44.602 0.171698 1
217.056 29.013 -0.41445 2.39728 162.688 27.1972 0.0465762 0.0356529 102.395 18.8572 0.118598 0.0165036 0.458114 0.568664 0.719809 0.87078 2.20488 0.00698184 28.371 0.220032 0
221.071 25.9566 -0.4048 2.70111 164.387 25.2943 0.158611 -0.0133707 102.836 16.7991 0.0363155 -0.00040152 0.351302 0.415045 0.63085 0.873768 2.20972 0.00739645 32.7527 0.201305 0
219.223 21.3647 -0.0296671 2.56404 163.504 20.5748 0.151256 0.0502913 100.518 14.3511 0.00377272 0.0944589 0.27414 0.455592 0.43808 0.826769 1.98843 0.0112889 44.4 0.16964 0
203.207 20.0072 0.17998 2.59955 151.768 19.6985 -0.0327517 0.0892325 101.28 11.3742 0.00845121 0.0375723 0.576445 0.5857 0.548048 0.952189 1.65616 0.0225694 32.4583 0.187253 0
221.444 13.0819 0.0265004 3.55217 172.356 12.2695 -0.170838 -0.0585129 87.3111 9.1841 0.201767 -0.00268994 0.269364 0.434783 0.304348 0.924328 1.20412 0.0625 81.875 0.0662959 0
211.9 25.7552 0.283069 2.16111 157.04 26.69 0.108139 0.0914808 101.34 16.1278 -0.0459992 0.086278 0.366807 0.444336 1 0.854632 1.42566 0.0382653 42.5714 0.176043 0
205.625 9.44904 0.665987 4.06596 150 9.43133 0.159313 0.560264 106.325 8.95094 -0.445255 -0.0390145 0.359613 0.562687 0.298507 0.935288 1.38265 0.0433673 28.2143 0.201588 0
206.263 23.7148 0.00223173 3.19698 153.293 22.5874 0.110803 0.291856 103.902 15.9406 0.0702758 0.163757 0.325275 0.450418 0.768739 0.799714 2.17211 0.007456 40.656 0.178117 0
208.62 29.7964 0.122054 2.36201 154.663 30.2741 0.131207 0.15598 105.021 23.3229 0.0645522 0.336227 0.223911 0.382197 0.55473 0.769241 2.30819 0.00550571 34.3763 0.191476 0
188 11.0136 -0.106358 1.34697 125.65 12.551 0.00285515 -0.00134663 142.7 29.3362 0.069912 -0.075212 0.774353 0.833333 0.6 0.987492 0.60206 0.25 125 0.0214432 0
217.89 29.8785 -0.171577 2.37494 164.622 31.7869 0.114238 -0.00764231 99.3832 24.2156 0.163536 0.316959 0.209127 0.373149 0.427487 0.76211 2.23344 0.00669335 47.125 0.133517 0
222.519 25.9748 -0.2911 2.30124 168.371 27.3446 0.0966399 -0.152767 97.7809 21.5946 0.228676 0.0414111 0.285567 0.426923 0.31115 0.902814 1.98831 0.0117933 81.7742 0.0577198 0
211.931 17.823 0.108727 3.03128 158.364 17.3672 -0.00671199 0.173437 100.624 15.2343 0.159665 0.0673203 0.281258 0.43988 0.583219 0.768051 1.97689 0.0111863 60.0968 0.147723 0
212.876 25.6486 0.627304 3.64677 154.678 25.9113 -0.102786 0.122399 110.384 32.4641 0.396429 0.399099 0.324593 0.522284 0.593557 0.762452 2.02367 0.0104875 44.0119 0.207493 0
201.079 23.4503 0.71533 3.18292 148 24.443 0.0565841 0.201433 103.175 16.1457 -0.12882 -0.0248261 0.271101 0.397922 0.314685 0.931475 1 0.1 18.2 0.234842 0
221.071 25.9566 -0.4048 2.70111 164.387 25.2943 0.158611 -0.0133707 102.836 16.7991 0.0363155 -0.00040152 0.351302 0.415045 0.63085 0.873768 2.20972 0.00739645 32.7527 0.201305 0
219.223 21.3647 -0.0296671 2.56404 163.504 20.5748 0.151256 0.0502913 100.518 14.3511 0.00377272 0.0944589 0.27414 0.455592 0.43808 0.826769 1.98843 0.0112889 44.4 0.16964 0
203.207 20.0072 0.17998 2.59955 151.768 19.6985 -0.0327517 0.0892325 101.28 11.3742 0.00845121 0.0375723 0.576445 0.5857 0.548048 0.952189 1.65616 0.0225694 32.4583 0.187253 0
